Age,Gen,RBC,PCV,MCV,MCH,MCHC,RDW,TLC,PLT /mm3,HGB,PLT /Litros,Valor_Maximo,Variância,Faixa Etária
28.0,0.0,5.66,34,60.1,17,28.2,20,11.1,128.3,9.6,1.2830000000000003e-07,28.2,237.451998917148,Adulto
41.0,0.0,4.78,44.5,93.1,28.9,31.0,13,7.02,419.0,13.8,4.1900000000000003e-07,41.0,442.2999952653,Adulto
40.0,1.0,4.65,41.6,89.5,28.8,32.2,13,8.09,325.0,13.4,3.25e-07,40.0,418.7479963210001,Adulto
76.0,0.0,4.24,36.7,86.6,26.7,30.8,14.9,13.41,264.0,11.3,2.6400000000000003e-07,76.0,1454.36799517408,Idoso
20.0,1.0,4.14,36.9,89.1,27.8,31.2,13.2,4.75,196.0,11.5,1.96e-07,31.2,239.19199836536,Adulto
24.0,0.0,4.29,40.1,93.5,29.6,31.7,14.5,13.96,233.0,12.7,2.33e-07,31.7,264.50699796358,Adulto
28.0,1.0,4.98,42.3,84.9,24.9,29.3,16.2,9.33,213.0,12.4,2.1300000000000001e-07,29.3,241.80699813412,Adulto
14.0,0.0,4.97,43.8,88.1,28,31.7,15.2,3.92,229.0,13.9,2.2900000000000003e-07,31.7,251.90699822754002,Jovem
16.0,0.0,4.16,38.7,93,28.8,31.0,17.9,5.77,211.0,12.0,2.1100000000000002e-07,31.0,240.2999983542,Jovem
62.0,0.0,5.25,45.6,86.9,25.3,29.2,15.6,10.68,151.0,13.3,1.5100000000000002e-07,62.0,961.64799768668,Idoso
42.0,0.0,2.17,28.3,93.5,28.1,30.0,24.6,3.46,92.0,6.1,9.2e-08,42.0,457.1999989512,Adulto
28.0,0.0,4.81,44.4,92.3,27.9,30.2,14.3,6.22,150.0,13.4,1.5000000000000002e-07,30.2,261.29199867399996,Adulto
59.0,0.0,3.41,32.9,96.5,29.9,31.0,16.8,6.62,132.0,10.2,1.3200000000000002e-07,59.0,870.6999980332,Adulto
28.0,1.0,2.26,26.9,119,41.2,34.6,15.6,5.27,222.0,9.3,2.22e-07,34.6,312.66799781996,Adulto
60.0,0.0,4.52,38.5,87.4,26.5,30.4,14.7,10.52,589.0,12.0,5.89e-07,60.0,900.0319911414401,Adulto
22.0,0.0,5.17,44.5,86.1,27.7,32.1,13.2,10.7,268.0,14.3,2.68e-07,32.1,264.68299768984,Adulto
64.0,0.0,4.6,41.4,90,28.5,31.6,14.4,9.67,150.0,13.1,1.5000000000000002e-07,64.0,1024.031997606,Idoso
78.0,0.0,4.24,36.7,86.6,26.7,30.8,14.9,13.41,264.0,11.3,2.6400000000000003e-07,78.0,1534.44799506848,Idoso
57.0,0.0,3.01,31.2,103.7,29.9,28.8,25,2.88,400.0,9.0,4.0000000000000003e-07,57.0,812.2679942880001,Adulto
51.0,0.0,6.6,49.3,88,27.9,31.6,13.3,9.55,154.0,15.6,1.54e-07,51.0,657.69199794256,Adulto
50.0,1.0,5.46,40.5,74.2,23.3,31.4,17.2,12.05,350.0,12.7,3.5000000000000004e-07,50.0,620.251995366,Adulto
77.0,1.0,4.36,32.2,73.9,21.3,28.9,16,10.8,438.0,9.3,4.3800000000000003e-07,77.0,1482.59199194518,Idoso
40.0,1.0,4.56,35.9,78.7,23.5,29.8,15.8,6.17,233.0,10.7,2.33e-07,40.0,408.42799741835995,Adulto
53.0,0.0,3.81,34.9,91.5,30.7,33.5,14.3,5.37,219.0,11.7,2.1900000000000002e-07,53.0,712.0499969449501,Adulto
55.0,1.0,4.11,38.4,93.4,28.2,30.2,16.1,5.79,186.0,11.6,1.8600000000000002e-07,55.0,743.88799737368,Adulto
57.0,0.0,3.54,36.8,104,29.9,28.8,22.5,6.2,198.0,10.6,1.98e-07,57.0,812.2679971725601,Adulto
36.0,0.0,4.83,42.5,88,26.3,29.9,13.5,13.93,283.0,12.7,2.8300000000000003e-07,36.0,352.32199711623,Adulto
25.0,1.0,5.65,38.4,68,20,29.4,17.7,5.8,125.0,11.3,1.2500000000000002e-07,29.4,229.12799894,Adulto
80.0,0.0,3.81,34.8,91.3,26.5,29.0,16.3,9.11,188.0,10.1,1.8800000000000002e-07,80.0,1624.1999964468002,Idoso
28.0,1.0,4.98,42.3,84.9,24.9,29.3,16.2,9.33,158.0,12.4,1.58e-07,29.3,241.80699861592004,Adulto
30.0,1.0,4.36,36.4,83.5,25,29.9,17.9,9.43,324.0,10.9,3.2400000000000004e-07,30.0,260.61199705484,Adulto
25.0,1.0,3.04,30.1,99,29.9,30.2,17.4,4.64,241.0,9.1,2.41e-07,30.2,239.27199791776005,Adulto
35.0,1.0,4.12,34.5,83.7,24,28.7,17.3,8.61,306.0,9.9,3.06e-07,35.0,321.66799694918,Adulto
56.0,0.0,4.87,33.7,69.2,21.1,30.6,15,5.75,221.0,10.3,2.21e-07,56.0,785.35199684854,Adulto
57.0,0.0,3.01,31.2,103.7,29.9,28.8,25,2.88,400.0,9.0,4.0000000000000003e-07,57.0,812.2679942880001,Adulto
40.0,1.0,4.56,35.9,78.7,23.5,29.8,15.8,6.17,233.0,10.7,2.33e-07,40.0,408.42799741835995,Adulto
70.0,0.0,3.15,25.2,80,24.8,31.0,16.5,13.16,398.0,7.8,3.9800000000000004e-07,70.0,1228.1999931942,Idoso
42.0,1.0,3.91,35.3,90.3,29.3,32.3,15.1,9.08,153.0,11.4,1.53e-07,42.0,455.10799820531,Adulto
14.0,0.0,2.83,22.8,80.6,27.6,34.2,13.3,6.2,222.0,7.8,2.22e-07,34.2,294.33199817072006,Jovem
79.0,0.0,1.96,22.1,112.8,36.2,32.1,14.8,7.6,150.0,7.1,1.5000000000000002e-07,79.0,1571.2019971485001,Idoso
65.0,0.0,4.68,41.4,88.5,30.6,34.5,13.3,20.3,362.0,14.3,3.6200000000000004e-07,65.0,1057.0499940451,Idoso
63.0,0.0,4.67,43.6,93.4,31.7,33.9,13.5,9.8,162.0,14.8,1.6200000000000002e-07,63.0,993.40199740962,Idoso
29.0,0.0,4.13,37.9,91.8,31.7,34.6,16.3,6.0,140.0,13.1,1.4e-07,34.6,326.6679986252,Adulto
68.0,0.0,4.57,39.1,85.6,27.6,32.2,13.9,6.6,155.0,12.6,1.55e-07,68.0,1156.6479973929,Idoso
55.0,1.0,4.8,27.9,57.3,17.7,30.8,17.9,23.1,182.0,8.5,1.8200000000000002e-07,55.0,744.54799741924,Adulto
89.0,1.0,2.99,23.1,77.3,23.1,29.9,18.3,6.4,187.0,6.9,1.8700000000000002e-07,89.0,2002.29199609357,Idoso
66.0,1.0,3.7,32.7,88.4,28.1,31.8,16.5,13.4,140.0,10.4,1.4e-07,66.0,1073.1079976928,Idoso
56.0,0.0,4.32,38,88,26.9,30.5,13.7,8.19,378.0,11.6,3.78e-07,56.0,785.2499946135,Adulto
30.0,0.0,4.33,44.3,102.3,32.6,31.8,15.5,7.03,90.0,14.1,9.000000000000001e-08,31.8,292.5719991576,Adulto
44.0,0.0,5.25,45.3,86.3,28.8,33.3,14.5,9.56,150.0,15.1,1.5000000000000002e-07,44.0,509.5379981805,Adulto
42.0,0.0,4.99,44.6,89.4,28.3,31.6,13.9,6.11,159.0,14.1,1.59e-07,42.0,463.47199816196,Adulto
58.0,1.0,4.18,36.3,84.4,26.3,31.2,13.6,9.74,238.0,11.0,2.3800000000000001e-07,58.0,827.44799647284,Adulto
60.0,0.0,4.74,41.8,87.8,28.3,32.2,13.3,9.06,241.0,13.4,2.41e-07,60.0,900.9679963319801,Adulto
40.0,1.0,4.59,38.3,83.3,26.1,31.3,14.9,7.55,150.0,12.0,1.5000000000000002e-07,40.0,414.60799831549997,Adulto
40.0,1.0,3.49,32.4,92.8,26.4,28.4,18.5,15.65,333.0,9.2,3.3300000000000003e-07,40.0,403.47199635698,Adulto
20.0,1.0,4.35,34.4,79.1,22.5,28.5,19.2,5.71,359.0,9.8,3.59e-07,28.5,202.17499719980003,Adulto
15.0,0.0,5.84,43.8,75,25.5,25.5,12.4,2.6,160.0,14.9,1.6e-07,25.5,163.574998944,Jovem
13.0,0.0,5.08,38.2,75.2,21.7,28.8,15.8,10.54,206.0,11.0,2.0600000000000002e-07,28.8,207.75199854564005,Jovem
52.0,1.0,4.68,35,74.8,21.8,29.1,17.1,12.8,534.0,10.2,5.34e-07,52.0,664.81199283906,Adulto
30.0,1.0,4.61,40.7,88.3,25.8,29.2,13.2,10.22,259.0,11.9,2.5900000000000003e-07,30.0,256.60799766382,Adulto
15.0,0.0,4.71,35.1,74.5,21.2,28.5,16.4,12.66,263.0,10.0,2.63e-07,28.5,203.17499810639998,Jovem
13.0,1.0,5.82,45.5,78.2,24.4,31.2,17.2,6.41,153.0,14.2,1.53e-07,31.2,237.37199883108,Jovem
35.0,1.0,4.3,41.5,95.5,30.7,31.8,13.6,6.47,198.0,13.2,1.98e-07,35.0,337.16799796455996,Adulto
81.0,0.0,3.52,31,88.1,27.6,31.3,13.5,15.53,256.0,9.7,2.56e-07,81.0,1657.17799505152,Idoso
18.0,1.0,3.48,21.6,62.1,14.7,23.6,14.75,41.9,444.0,5.0,4.44e-07,23.6,140.60799706072007,Jovem
81.0,1.0,3.52,31,88.1,27.6,31.3,13.5,15.53,256.0,9.7,2.56e-07,81.0,1638.0479950259203,Idoso
14.0,0.0,5.09,44,86.3,28.2,32.7,14.5,8.4,170.0,14.4,1.7000000000000001e-07,32.7,268.42699865020006,Jovem
32.0,0.0,5.01,46.5,92.8,29.1,31.4,14,5.4,150.0,14.6,1.5000000000000002e-07,32.0,303.431998569,Adulto
70.0,1.0,5.36,50,93.3,27.6,29.8,13.7,5.89,242.0,14.8,2.42e-07,70.0,1213.62799586664,Idoso
13.0,0.0,4.92,39.7,80.7,26,32.2,14.4,4.31,150.0,12.8,1.5000000000000002e-07,32.2,261.13199883900006,Jovem
13.0,0.0,5.24,43,82.1,25.4,30.9,13.3,9.15,232.0,13.3,2.32e-07,30.9,239.90299826463996,Jovem
45.0,0.0,4.81,45.7,95,25.6,26.4,14.3,14.0,190.0,13.5,1.9e-07,45.0,509.2919977884,Adulto
17.0,1.0,3.84,32.9,85.7,26.6,31.0,14.2,7.7,266.0,10.2,2.66e-07,31.0,232.99999787200002,Jovem
44.0,1.0,4.9,38.3,78.2,25.9,33.2,13.6,9.1,192.0,12.7,1.9200000000000003e-07,44.0,497.1679976537599,Adulto
27.0,0.0,4.82,43.6,90.5,29.9,33.0,12.2,7.4,150.0,14.4,1.5000000000000002e-07,33.0,294.299998605,Adulto
24.0,1.0,4.47,36,80.5,25.3,31.1,14.8,8.0,198.0,11.2,1.98e-07,31.1,247.66299827344005,Adulto
59.0,0.0,4.89,36.9,90.2,30.1,33.3,13.7,6.3,167.0,12.3,1.67e-07,59.0,873.13799747329,Adulto
26.0,1.0,3.5,27.2,77.7,23.1,29.8,17.4,13.2,350.0,8.1,3.5000000000000004e-07,29.8,238.29199696900002,Adulto
25.0,1.0,3.52,35,99.9,34.1,34.3,14.8,8.0,341.0,12.0,3.41e-07,34.3,297.28699677414,Adulto
65.0,0.0,4.32,39.3,91,29.4,32.3,13,6.7,139.0,12.7,1.3900000000000001e-07,65.0,1056.25799774403,Idoso
20.0,0.0,4.87,40.2,82.5,24.4,29.6,17.1,4.48,384.0,11.9,3.8400000000000005e-07,29.6,224.44799695872004,Adulto
32.0,1.0,5.64,35.1,62.2,17.7,28.5,18,7.75,152.0,10.0,1.52e-07,32.0,278.19999857880003,Adulto
27.0,1.0,4.43,35,79,24.2,30.6,15.9,7.68,452.0,10.7,4.52e-07,30.6,252.8479959681601,Adulto
17.0,0.0,6.58,56.9,86.5,29.8,34.4,13.7,7.31,10.0,19.6,1e-08,34.4,295.8479999142,Jovem
55.0,0.0,6.9,45.5,65.4,19.4,29.7,17.8,8.4,233.0,13.4,2.33e-07,55.0,757.21799674499,Adulto
35.0,0.0,3.5,35.8,102.3,34.3,33.5,12.9,3.7,252.0,12.0,2.5200000000000003e-07,35.0,357.4499973918001,Adulto
55.0,0.0,3.39,29.5,87,29.1,31.2,14.6,21.7,129.0,9.2,1.29e-07,55.0,758.98799817852,Adulto
51.0,0.0,3.81,24.4,64,18.9,29.5,15.2,4.8,87.0,7.2,8.700000000000001e-08,51.0,653.4499988559501,Adulto
43.0,0.0,5.18,44.9,86.7,29,33.4,13.3,9.3,366.0,15.0,3.66e-07,43.0,490.57199562996,Adulto
33.0,1.0,4.24,33.3,78.5,28.1,35.7,13.6,7.6,217.0,11.9,2.1700000000000002e-07,35.7,354.28699771282004,Adulto
34.0,0.0,4.84,45.9,94.8,33.1,34.9,12.5,7.3,306.0,16.0,3.06e-07,34.9,359.28299682372,Adulto
36.0,0.0,4.66,44.6,95.7,33.5,35.0,12.8,7.8,245.0,15.6,2.4500000000000004e-07,36.0,381.79999737850005,Adulto
35.0,0.0,4.57,41.6,91,30.9,33.9,14.1,5.5,205.0,14.1,2.0500000000000002e-07,35.0,360.04199787005007,Adulto
27.0,0.0,4.23,44.5,105,36.6,34.9,12.8,8.4,95.0,15.5,9.5e-08,34.9,322.74299908039995,Adulto
71.0,1.0,2.89,24.9,86.2,27.7,32.1,14.6,4.9,327.0,8.0,3.27e-07,71.0,1245.35199427423,Idoso
35.0,0.0,3.29,36.5,110.9,34,30.7,15.8,5.44,150.0,11.2,1.5000000000000002e-07,35.0,341.09799848949996,Adulto
35.0,1.0,4.1,38.9,94.9,28.8,30.3,12.7,5.84,166.0,11.8,1.66e-07,35.0,329.18799831842006,Adulto
24.0,0.0,4.21,42.6,101.2,32.3,31.9,15,7.61,150.0,13.6,1.5000000000000002e-07,31.9,267.36299868299994,Adulto
28.0,0.0,4.07,34.8,85.5,26.3,30.7,12.9,7.08,220.0,10.7,2.2e-07,30.7,267.6269980332,Adulto
52.0,0.0,4.58,49.1,87.6,28.4,32.4,13.4,9.03,262.0,13.0,2.62e-07,52.0,684.1919964263201,Adulto
27.0,1.0,4.43,35,79,24.2,30.6,15.9,7.68,452.0,10.7,4.52e-07,30.6,252.8479959681601,Adulto
38.0,0.0,4.21,34.8,82.7,26.8,32.5,16.5,10.5,194.0,11.3,1.9400000000000002e-07,38.0,397.4499978951,Adulto
57.0,0.0,3.51,34.2,97.4,31.9,32.7,15.3,3.1,74.0,11.2,7.4e-08,57.0,815.7779989144201,Adulto
74.0,0.0,5.07,43.4,85.6,29.4,34.3,12.9,12.6,157.0,14.9,1.5700000000000002e-07,74.0,1370.4579971378898,Idoso
32.0,0.0,4.76,40.3,84.7,28.2,33.3,12.9,4.2,140.0,13.4,1.4e-07,33.3,324.3469986195999,Adulto
27.0,0.0,3.21,26.5,82.6,26.8,32.5,14,5.8,373.0,8.6,3.73e-07,32.5,287.17499656840005,Adulto
70.0,0.0,3.82,34.1,89.3,29.3,32.8,13.2,13.2,211.0,11.2,2.1100000000000002e-07,70.0,1225.96799635392,Idoso
55.0,0.0,3.51,30.2,86,27.1,31.5,14.8,6.0,158.0,9.5,1.58e-07,55.0,759.4499977643,Adulto
38.0,0.0,4.32,43.2,100,35.2,35.2,15.8,5.6,334.0,15.2,3.34e-07,38.0,413.4879962859201,Adulto
62.0,1.0,4.74,33.8,71.3,21.9,30.8,15.2,4.4,152.0,10.4,1.52e-07,62.0,945.72799763184,Idoso
72.0,0.0,3.59,30.8,85.8,30.4,35.4,12.9,9.6,155.0,10.9,1.55e-07,72.0,1296.0719972192999,Idoso
58.0,0.0,6.05,48.1,79.5,26.3,33.1,14.3,17.5,185.0,15.9,1.85e-07,58.0,844.36199724165,Adulto
57.0,0.0,3.37,33.4,99.1,31.5,31.7,15.7,3.1,78.0,10.6,7.800000000000001e-08,57.0,814.29799886354,Adulto
40.0,0.0,4.46,36.8,82.5,30,36.4,12.6,5.7,32.0,13.4,3.2e-08,40.0,453.79199962752,Adulto
65.0,0.0,3.9,37,94.9,30.8,32.4,14.5,10.6,275.0,12.0,2.75e-07,65.0,1056.251995534,Idoso
63.0,1.0,4.4,34,77.3,24.5,31.8,14.4,9.1,206.0,10.8,2.0600000000000002e-07,63.0,976.6879967287201,Idoso
40.0,0.0,4.16,35.8,86.1,29.6,34.4,13.9,4.4,115.0,12.3,1.1500000000000001e-07,40.0,441.4719986844,Adulto
43.0,1.0,3.17,31.6,99.7,32.5,32.6,16.4,5.9,120.0,10.3,1.2000000000000002e-07,43.0,475.23199856480005,Adulto
65.0,0.0,3.92,37.1,94.6,31.1,32.9,14.3,11.7,180.0,12.2,1.8000000000000002e-07,65.0,1056.2819970678001,Idoso
58.0,0.0,5.17,41.6,80.5,26.5,32.9,14.8,8.4,120.0,13.7,1.2000000000000002e-07,58.0,844.0419982132,Adulto
57.0,0.0,4.5,43.2,96,29.1,30.3,18,6.09,140.0,13.1,1.4e-07,57.0,812.8979979798,Adulto
15.0,1.0,3.58,36.8,102.8,28.5,27.7,16.2,8.67,272.0,10.2,2.72e-07,27.7,185.24699805792,Jovem
49.0,0.0,4.79,43,89.8,26.8,32.1,13.1,5.44,267.0,13.8,2.67e-07,49.0,611.80199652633,Adulto
42.0,1.0,4.22,35.5,84.1,27.3,32.4,13.1,6.5,222.0,11.5,2.22e-07,42.0,455.55199739371994,Adulto
22.0,0.0,5.19,47.4,91.3,29.1,31.9,20.9,10.24,154.0,15.1,1.54e-07,31.9,261.72299867868,Adulto
28.0,1.0,3.96,28.5,72,19.7,27.4,20.1,8.49,268.0,7.8,2.68e-07,28.0,223.77199773808,Adulto
52.0,0.0,4.54,43.5,95.8,29.7,31.0,14.7,8.68,214.0,13.5,2.14e-07,52.0,680.9999971110001,Adulto
22.0,1.0,2.77,32.5,117.3,37.2,31.7,16.7,5.53,122.0,10.3,1.22e-07,31.7,250.44699894592,Adulto
11.0,0.0,4.86,39.6,81.5,26.7,32.8,13.4,4.99,249.0,13.0,2.49e-07,32.8,274.79199809266,Criança
48.0,0.0,4.74,41.5,87.6,27.2,31.1,13.1,6.83,135.0,12.9,1.35e-07,48.0,586.0819982841499,Adulto
35.0,1.0,4.1,38.6,94.9,26.8,30.3,12.7,5.84,165.0,11.8,1.65e-07,35.0,329.18799832855007,Adulto
60.0,0.0,4.56,38,83.3,26.1,31.3,14.9,7.73,241.0,11.9,2.41e-07,60.0,900.3379963536702,Adulto
30.0,1.0,3.87,35.3,91.2,28.7,31.4,15.5,8.92,183.0,11.1,1.83e-07,31.4,278.30799828346,Adulto
40.0,1.0,4.45,35.5,79.8,24.3,30.4,17.4,9.01,188.0,10.8,1.8800000000000002e-07,40.0,410.79199790568003,Adulto
35.0,0.0,4.64,40.5,87.3,28.7,32.8,12.8,8.98,226.0,13.3,2.26e-07,35.0,353.06799767672,Adulto
60.0,1.0,4.12,38.5,93.4,28.9,30.9,14.6,11.83,214.0,11.9,2.14e-07,60.0,885.2719967493399,Adulto
34.0,1.0,3.73,28.9,77.5,23.1,29.8,16.1,9.39,258.0,8.6,2.58e-07,34.0,312.18799745096,Adulto
16.0,1.0,3.47,32.9,94.8,28.5,30.1,15.1,32.72,357.0,9.9,3.5700000000000003e-07,30.1,219.26299724396006,Jovem
35.0,1.0,4.53,37.3,82.3,23.8,29.0,16.9,8.85,348.0,10.8,3.4800000000000005e-07,35.0,322.99999652,Adulto
52.0,0.0,4.54,43.5,95.8,29.7,31.0,14.7,8.68,214.0,13.5,2.14e-07,52.0,680.9999971110001,Adulto
42.0,1.0,4.22,35.5,84.1,27.3,32.4,13.1,6.5,222.0,11.5,2.22e-07,42.0,455.55199739371994,Adulto
48.0,0.0,4.47,41.5,87.6,27.2,31.1,13.1,6.83,135.0,12.9,1.35e-07,48.0,586.0819982841499,Adulto
50.0,1.0,2.88,30,104.2,31.6,30.3,15.3,7.9,497.0,9.1,4.970000000000001e-07,50.0,617.7879934743901,Adulto
38.0,1.0,3.96,36.2,91.4,27.5,30.1,14.7,10.25,317.0,10.9,3.1700000000000005e-07,38.0,375.23199660493,Adulto
78.0,0.0,4.21,26.6,63.2,18.6,26.3,21.3,5.31,365.0,7.0,3.65e-07,78.0,1553.25799334605,Idoso
30.0,0.0,4.1,34.6,84.4,27.6,32.7,13,5.64,134.0,11.3,1.34e-07,32.7,304.58699872164004,Adulto
60.0,0.0,5.39,46.5,86.3,26.2,30.3,15.2,8.26,130.0,14.1,1.3e-07,60.0,900.0179980460999,Adulto
35.0,1.0,4.1,38.9,94.9,28.8,30.3,12.7,5.84,165.0,11.8,1.65e-07,35.0,329.18799832855007,Adulto
30.0,0.0,4.95,43.6,88.1,26.9,30.5,14,7.38,198.0,13.3,1.98e-07,30.5,276.07499819820003,Adulto
38.0,0.0,3.85,43.8,113.8,34.8,30.6,18.2,7.06,140.0,13.4,1.4e-07,38.0,387.91199850760006,Adulto
28.0,0.0,2.26,26.9,119,41.2,34.6,15.6,5.27,222.0,9.3,2.22e-07,34.6,322.18799784216003,Adulto
14.0,0.0,4.97,43.8,88.1,28,31.7,15.2,3.92,229.0,13.9,2.2900000000000003e-07,31.7,251.90699822754002,Jovem
24.0,0.0,2.89,20,100.3,33.2,31.1,16.5,7.6,207.0,9.6,2.0700000000000001e-07,31.1,256.08299821566004,Adulto
38.0,0.0,3.36,37.6,111.2,39.1,35.1,16.7,7.2,150.0,13.2,1.5000000000000002e-07,38.0,412.8419983335,Adulto
80.0,1.0,2.96,25,84.5,27.4,32.4,17.4,16.9,127.0,8.1,1.27e-07,80.0,1592.5119975438201,Idoso
78.0,1.0,3.34,29.7,88.9,30.8,34.7,15.4,4.9,24.0,10.3,2.4000000000000003e-08,78.0,1505.82799953992,Idoso
54.0,1.0,2.55,24,94.1,31.8,33.8,16.7,3.4,112.0,8.1,1.1200000000000001e-07,54.0,724.2679984006401,Adulto
26.0,0.0,4.19,36.8,87.8,30.3,34.5,14.5,5.2,52.0,12.7,5.2e-08,34.5,312.874999506,Adulto
24.0,1.0,3.74,33.2,88.8,29.4,33.1,16.7,5.5,36.0,11.0,3.6000000000000005e-08,33.1,276.18299967168,Adulto
57.0,0.0,3.18,29.9,94,30.5,32.4,15.5,2.0,84.0,9.7,8.400000000000001e-08,57.0,815.29199877024,Adulto
78.0,1.0,2.71,23.8,87.8,29.5,33.6,15,4.3,32.0,8.0,3.2e-08,78.0,1508.0719993900802,Idoso
13.0,0.0,4.42,37.1,83.9,27.8,33.2,13.9,8.8,47.0,12.3,4.7000000000000004e-08,33.2,278.1519996268201,Jovem
65.0,1.0,2.53,23.3,92.1,30,33.0,15,6.5,90.0,7.7,9.000000000000001e-08,65.0,1040.199998524,Idoso
24.0,1.0,3.53,26.4,85.4,30.2,32.4,14.2,6.3,221.0,10.6,2.21e-07,32.4,265.92799801542,Adulto
27.0,1.0,3.41,32.6,88.2,29.5,33.1,14.8,8.1,210.0,10.2,2.1e-07,33.1,286.6229980218001,Adulto
23.0,1.0,3.54,32.8,87.3,27.6,33.4,15.7,5.1,215.0,10.3,2.15e-07,33.4,278.0479980478,Adulto
22.0,1.0,3.33,26.9,92.3,30.4,32.6,14.7,6.83,252.0,9.9,2.5200000000000003e-07,32.6,263.66799777736003,Adulto
28.0,0.0,3.44,33.2,88.9,36.7,33.6,16.3,8.9,223.0,10.2,2.2300000000000002e-07,33.6,307.32799787704005,Adulto
47.0,0.0,4.18,32.5,89.2,28.5,33.1,15.4,6.3,162.0,12.4,1.6200000000000002e-07,47.0,570.68199794098,Adulto
54.0,0.0,3.63,33.2,89.2,30.4,33.4,15.4,5.1,216.0,12.5,2.16e-07,54.0,737.1919969457599,Adulto
65.0,0.0,4.71,33.1,90.7,29.6,32.7,16.2,9.6,148.0,13.6,1.48e-07,65.0,1056.25799759204,Idoso
50.0,0.0,5.5,33.5,85,27,32.0,15.9,4.7,102.0,14.6,1.02e-07,50.0,634.7999986536,Adulto
17.0,1.0,3.7,32.9,73.3,24.2,33.1,16.3,4.7,89.0,11.2,8.9e-08,33.1,265.82299925062,Jovem
24.0,1.0,3.48,33.2,87.2,30.2,33.2,15.7,4.4,84.0,13.9,8.400000000000001e-08,33.2,277.67199923224007,Adulto
46.0,1.0,4.86,33.1,74.7,23.6,31.5,16.1,6.3,258.0,11.0,2.58e-07,46.0,531.2999967879,Adulto
35.0,0.0,4.75,33.4,89.2,28.9,32.2,15.6,8.4,157.0,13.2,1.5700000000000002e-07,35.0,349.4679983954601,Adulto
47.0,0.0,4.73,33.1,88.3,29.6,33.5,16.1,8.1,252.0,13.0,2.5200000000000003e-07,47.0,572.249996787,Adulto
62.0,0.0,4.68,33.7,100.7,30.4,38.2,16.3,6.6,131.0,14.2,1.31e-07,62.0,971.36799787518,Idoso
40.0,1.0,3.48,32.8,103.5,34.2,33.0,16.1,7.2,246.0,11.5,2.46e-07,40.0,422.6999971956001,Adulto
37.0,0.0,4.87,33.5,77.7,24.7,31.8,15.9,8.6,417.0,11.2,4.1700000000000004e-07,37.0,377.62799558814004,Adulto
38.0,0.0,4.74,33.1,84.7,28.4,31.1,16.2,9.2,191.0,13.8,1.91e-07,38.0,390.28199795439,Adulto
12.0,0.0,4.47,31.3,90.3,30.4,33.7,16,3.0,103.0,11.2,1.0300000000000001e-07,33.7,288.62699918218004,Criança
29.0,0.0,4.18,30.9,89.8,30.4,33.9,16.2,5.2,153.0,12.1,1.53e-07,33.9,316.34299851896003,Adulto
50.0,1.0,4.33,29.6,88.9,30.5,33.9,15.7,6.2,168.0,12.6,1.6800000000000002e-07,50.0,627.65199773368,Adulto
27.0,1.0,4.86,33.1,82.2,27.8,33.9,16.3,6.6,282.0,12.5,2.82e-07,33.9,298.22299729843996,Adulto
62.0,0.0,5.59,33.5,80.8,26.6,32.9,16,12.2,197.0,13.9,1.97e-07,62.0,961.72199690907,Idoso
36.0,1.0,4.55,30.9,89.1,31.3,34.3,15.7,9.1,253.0,13.8,2.53e-07,36.0,366.70799728531006,Adulto
28.0,0.0,4.38,33.1,94.2,34.2,41.0,16.1,7.3,185.0,13.8,1.85e-07,41.0,431.49999796500003,Adulto
60.0,1.0,4.53,38.3,82.7,24.2,29.2,16.4,11.66,311.0,11.2,3.11e-07,60.0,885.4079953287801,Adulto
60.0,0.0,4.18,37.3,89.2,27,30.3,15,19.51,140.0,11.3,1.4e-07,60.0,900.0179978957999,Adulto
48.0,1.0,4.52,40.8,88.3,27.3,30.3,16.9,9.09,392.0,12.6,3.92e-07,48.0,571.50799500984,Adulto
80.0,0.0,3.78,38,100.5,29.1,28.9,15.5,8.19,151.0,11.0,1.5100000000000002e-07,80.0,1624.6419971476103,Idoso
55.0,1.0,4.65,39.8,85.6,25.6,29.9,14.7,17.27,449.0,11.9,4.49e-07,55.0,743.6119936735901,Adulto
25.0,1.0,4.11,31.7,77.1,23.1,30.0,17.8,6.49,176.0,9.5,1.7600000000000001e-07,30.0,236.69999848640003,Adulto
31.0,0.0,4.46,44.9,100.7,33.6,33.4,14.7,8.45,152.0,15.0,1.52e-07,33.4,319.78799851344,Adulto
72.0,0.0,4.91,44.1,89.8,28.3,31.5,14.1,8.76,266.0,13.9,2.66e-07,72.0,1300.0499953317,Idoso
32.0,0.0,4.4,41.8,95,29.8,31.3,14.2,5.71,105.0,13.1,1.05e-07,32.0,302.81799899935,Adulto
21.0,1.0,4.03,35.1,87.1,27,31.1,14.6,10.8,289.0,10.9,2.89e-07,31.1,239.62299756662003,Adulto
16.0,0.0,5.04,42.7,84.7,27,31.9,14.2,7.11,150.0,13.6,1.5000000000000002e-07,31.9,254.402998803,Jovem
53.0,0.0,4.16,38.8,93.3,29.1,31.2,13.3,10.3,166.0,12.1,1.66e-07,53.0,706.66799772248,Adulto
38.0,1.0,4.61,39.1,84.8,26.7,31.5,12.9,9.34,195.0,12.3,1.95e-07,38.0,381.69999788425,Adulto
30.0,0.0,5.31,44.3,83.4,26.2,31.4,15.6,12.05,275.0,13.9,2.75e-07,31.4,287.387997448,Adulto
60.0,0.0,5.13,45.2,88.1,27.7,31.4,13.6,10.58,499.0,14.2,4.99e-07,60.0,900.39199244514,Adulto
45.0,1.0,4.33,42.3,97.7,28.9,29.6,15.4,13.5,352.0,12.5,3.5200000000000003e-07,45.0,504.57199575488,Adulto
65.0,0.0,4.55,40.4,88.8,28.8,32.4,13.9,4.5,153.0,13.1,1.53e-07,65.0,1056.25199751528,Idoso
20.0,0.0,4.62,43.2,93.5,29.7,31.7,15.9,4.29,152.0,13.7,1.52e-07,31.7,254.66699873232,Adulto
32.0,1.0,4.54,38.5,84.8,25.1,29.6,16.4,7.08,154.0,11.4,1.54e-07,32.0,283.83199854316,Adulto
75.0,0.0,5.89,52.2,88.6,25.8,29.1,15.7,26.95,240.0,15.2,2.4000000000000003e-07,75.0,1420.3619957016,Idoso
29.0,0.0,4.78,42.8,89.5,27.4,30.6,14.3,6.4,170.0,13.1,1.7000000000000001e-07,30.6,271.62799846660005,Adulto
70.0,1.0,4.15,36.7,88.4,26.3,29.7,15.2,9.09,230.0,10.9,2.3000000000000002e-07,70.0,1213.8479960739,Idoso
66.0,0.0,4.57,39.9,87.3,27.1,31.1,14.2,7.05,257.0,12.4,2.5700000000000004e-07,66.0,1089.7219958083301,Idoso
70.0,1.0,4.76,42.8,89.9,28.4,31.5,12.1,8.71,242.0,13.5,2.42e-07,70.0,1210.4999958254998,Idoso
16.0,0.0,4.93,42.1,85.4,27,31.6,14,6.01,157.0,13.3,1.5700000000000002e-07,31.6,249.64799875656,Jovem
40.0,1.0,2.97,29.1,98,31.6,32.3,21.3,10.31,179.0,9.4,1.79e-07,40.0,419.22799797193,Adulto
38.0,1.0,4.58,36.4,77.3,22.7,29.4,16.1,7.09,193.0,10.4,1.9300000000000002e-07,38.0,372.29199794647997,Adulto
38.0,1.0,4.61,39.1,84.8,26.7,31.5,12.9,9.34,196.0,12.3,1.96e-07,38.0,381.6999978734,Adulto
16.0,0.0,5.04,42.7,84.7,27,31.8,14.2,7.11,150.0,13.6,1.5000000000000002e-07,31.8,252.81199880600005,Jovem
62.0,0.0,2.26,16.7,73.8,37.1,50.2,15.6,16.2,181.0,8.4,1.8100000000000002e-07,62.0,1034.7279968469802,Idoso
87.0,0.0,3.78,31.5,83.5,31.7,35.0,13.8,4.7,178.0,12.0,1.78e-07,87.0,1906.6999962798002,Idoso
54.0,1.0,4.05,33.5,82.6,31.4,38.0,13.9,13.0,433.0,12.7,4.33e-07,54.0,738.7999936349,Adulto
72.0,1.0,1.91,13.1,68.4,22.2,32.5,18.2,7.8,216.0,4.2,2.16e-07,72.0,1280.999996166,Idoso
65.0,1.0,3.96,29.9,80.9,30.5,37.7,16.1,5.4,301.0,11.3,3.01e-07,65.0,1045.08799492213,Idoso
61.0,0.0,3.94,32.9,83.6,31.5,37.7,13.6,15.3,247.0,12.4,2.4700000000000003e-07,61.0,940.61799605541,Idoso
70.0,0.0,6.05,33.6,55.7,21.3,38.3,17.4,10.2,169.0,12.9,1.6900000000000002e-07,70.0,1227.17799698673,Idoso
52.0,0.0,4.09,33.6,82.3,32.5,39.6,12.3,4.5,242.0,13.3,2.42e-07,52.0,712.99199652488,Adulto
55.0,1.0,4.14,34.3,82.8,31.5,38.0,13.9,3.5,100.0,13.0,1.0000000000000001e-07,55.0,763.69999851,Adulto
60.0,0.0,3.65,31.4,86,33.3,38.8,12.2,5.2,261.0,12.2,2.61e-07,60.0,915.48799585532,Adulto
33.0,1.0,3.84,33.6,87.4,33.4,38.3,12.4,4.3,202.0,12.8,2.02e-07,38.3,394.32699776588,Adulto
57.0,1.0,4.29,31.5,73.4,27.7,37.7,13.6,5.7,80.0,11.9,8e-08,57.0,814.2079987784,Adulto
35.0,0.0,4.8,39.4,82,31.4,38.3,13.8,5.3,70.0,15.1,7e-08,38.3,416.96699921879997,Adulto
73.0,1.0,1.91,13.1,68.4,22.2,32.5,18.2,7.8,216.0,4.2,2.16e-07,73.0,1317.7999961228002,Idoso
57.0,0.0,3.92,33.1,84.5,31.5,37.3,13.7,4.5,191.0,12.3,1.91e-07,57.0,827.73799711017,Adulto
58.0,0.0,4.33,31.7,73.3,28.4,38.7,15.3,8.9,461.0,12.3,4.61e-07,58.0,859.81799286833,Adulto
71.0,0.0,2.83,25,88.5,34.4,38.9,15.9,13.0,280.0,9.7,2.8e-07,71.0,1262.5619949348,Idoso
62.0,0.0,4.3,37.8,87.8,32.2,36.7,12.9,19.3,385.0,13.9,3.85e-07,62.0,967.4979938130501,Idoso
65.0,0.0,4.7,41.3,87.9,27.4,31.2,14.1,9.87,281.0,12.9,2.8100000000000004e-07,65.0,1056.58799547028,Idoso
65.0,0.0,5.81,49.6,85.4,25.5,29.8,15.3,8.36,212.0,14.8,2.1200000000000002e-07,65.0,1057.70799661224,Idoso
74.0,0.0,4.13,40.2,97.3,30.5,31.3,15.3,8.54,276.0,12.6,2.7600000000000004e-07,74.0,1375.49799505132,Idoso
75.0,0.0,5.55,49.5,89.2,25.8,28.9,14.9,22.9,151.0,14.3,1.5100000000000002e-07,75.0,1421.04199729861,Idoso
57.0,0.0,5.5,49.6,90.2,28.9,32.1,13.8,13.35,373.0,15.9,3.73e-07,57.0,814.8419945504701,Adulto
65.0,0.0,4.76,41.8,87.8,28.2,32.1,12.6,7.56,276.0,13.4,2.7600000000000004e-07,65.0,1056.2819955260402,Idoso
69.0,1.0,5.34,43.4,81.3,24.5,30.2,14.8,7.15,233.0,13.1,2.33e-07,69.0,1177.3279960576401,Idoso
48.0,0.0,5.44,47.2,86.8,27.2,31.4,14.8,13.85,303.0,14.8,3.03e-07,48.0,586.9519961397799,Adulto
69.0,0.0,4.34,47.3,109,33.2,30.4,16.2,14.83,153.0,14.4,1.53e-07,69.0,1193.6119974234798,Idoso
57.0,0.0,5.5,49.6,90.2,28.9,32.1,13.8,13.35,373.0,15.9,3.73e-07,57.0,814.8419945504701,Adulto
75.0,0.0,5.55,49.5,89.2,25.8,28.9,14.9,22.9,151.0,14.3,1.5100000000000002e-07,75.0,1421.04199729861,Idoso
65.0,1.0,3.17,27.9,88,28.4,32.3,13.9,9.55,166.0,9.0,1.66e-07,65.0,1040.22799728922,Idoso
22.0,1.0,3.12,28.8,92.3,26.9,29.2,21,3.62,130.0,8.4,1.3e-07,29.2,216.2719989418,Adulto
35.0,1.0,3.94,29.2,74.1,19.8,26.7,18.7,7.21,152.0,7.8,1.52e-07,35.0,313.7079985149601,Adulto
47.0,0.0,3.75,31.3,83.5,24.5,29.4,16.5,9.01,392.0,9.2,3.92e-07,47.0,559.2119951627201,Adulto
49.0,0.0,3.24,40.2,124.1,41.4,33.3,15.2,10.1,237.0,13.4,2.3700000000000002e-07,49.0,615.7379968881901,Adulto
35.0,1.0,5.33,31.2,58.5,15.8,26.9,19.1,5.9,248.0,8.4,2.48e-07,35.0,314.43199757208004,Adulto
30.0,1.0,3.41,31.3,91.8,27.8,30.4,14.6,8.18,153.0,9.5,1.53e-07,30.4,265.96799859546,Adulto
55.0,1.0,4.77,39,81.8,24.1,29.5,15.9,8.09,238.0,11.5,2.3800000000000001e-07,55.0,743.2999966561,Adulto
50.0,1.0,4.11,35.6,86.6,26.8,30.9,15.9,5.82,130.0,11.0,1.3e-07,50.0,619.0719982853,Adulto
72.0,0.0,4.35,42.3,97.2,30.8,31.7,13.1,11.22,158.0,13.4,1.58e-07,72.0,1299.6979972239399,Idoso
70.0,1.0,3.7,34.8,94.1,31.4,33.3,12.6,28.03,285.0,11.6,2.85e-07,70.0,1208.4479950324499,Idoso
27.0,1.0,4.41,37,83.9,24.9,29.7,16.3,8.6,298.0,11.0,2.98e-07,29.7,241.60699739548,Adulto
58.0,0.0,4.92,44.5,90.4,27,29.9,17.3,11.06,125.0,13.3,1.2500000000000002e-07,58.0,841.16199817625,Adulto
80.0,0.0,4.92,47.3,96.1,30.1,31.3,13.9,13.41,152.0,14.8,1.52e-07,80.0,1615.13799709224,Idoso
50.0,0.0,4.54,43.1,94.9,28.6,30.2,12.9,23.57,239.0,13.0,2.39e-07,50.0,630.40799688822,Adulto
45.0,0.0,5.39,45.2,83.9,26.7,31.9,14.9,13.1,377.0,14.4,3.77e-07,45.0,523.92199540437,Adulto
65.0,1.0,3.95,35.6,90.1,27.3,30.3,13.1,10.97,532.0,10.8,5.32e-07,65.0,1041.38799141884,Idoso
65.0,1.0,3.34,30.5,91.3,26.9,29.5,14.6,6.55,153.0,9.0,1.53e-07,65.0,1042.29999754435,Idoso
33.0,0.0,5.03,42.4,84.3,25.8,30.4,14.6,6.01,230.0,12.9,2.3000000000000002e-07,33.0,310.8919977828,Adulto
65.0,0.0,5.55,51.7,93.2,27.9,30.0,15.8,12.8,188.0,15.5,1.8800000000000002e-07,65.0,1057.499996992,Idoso
50.0,1.0,5.46,43.3,79.3,23.4,29.6,18.6,11.57,332.0,12.8,3.32e-07,50.0,616.4719956640799,Adulto
60.0,0.0,4.65,43.7,94,28.8,30.7,13.1,23.36,272.0,13.4,2.72e-07,60.0,900.0979959009601,Adulto
30.0,1.0,4.48,42.1,94,28.8,30.6,14.6,7.12,247.0,12.9,2.4700000000000003e-07,30.6,268.38799772266003,Adulto
36.0,0.0,4.71,40.3,85.6,25.7,30.0,14.9,5.02,321.0,12.1,3.2100000000000003e-07,36.0,352.7999967258,Adulto
42.0,1.0,3.68,34.4,89.1,27.2,30.5,14.2,8.09,154.0,10.5,1.54e-07,42.0,447.79999822130003,Adulto
68.0,0.0,4.34,37,85.3,26.7,31.4,13.6,12.49,367.0,11.8,3.6700000000000004e-07,68.0,1157.35199385642,Idoso
65.0,1.0,3.67,33.3,90.7,27.8,30.6,16.8,7.77,298.0,10.2,2.98e-07,65.0,1041.11199518432,Idoso
57.0,0.0,3.92,35.8,91.3,30.4,33.2,11.8,12.97,235.0,11.9,2.3500000000000003e-07,57.0,816.6679965408,Adulto
63.0,0.0,5.53,46.2,83.5,25.1,30.1,15.3,7.97,186.0,13.9,1.8600000000000002e-07,63.0,992.64199709654,Idoso
18.0,1.0,4.05,30.5,75.3,21,27.9,21.2,12.69,534.0,8.5,5.34e-07,27.9,190.70299600568003,Jovem
25.0,1.0,4.86,42,86.4,26.5,30.7,13.7,8.13,353.0,12.9,3.53e-07,30.7,245.80699691478003,Adulto
65.0,1.0,4.36,39.7,91.1,26.1,28.7,13.9,42.42,167.0,11.4,1.67e-07,65.0,1043.46799733301,Idoso
24.0,0.0,5.17,47.4,91.7,28.2,30.8,13.2,8.27,251.0,14.6,2.51e-07,30.8,251.95199785144,Adulto
62.0,0.0,3.34,27.4,81.9,32.3,39.4,13.6,6.9,105.0,10.8,1.05e-07,62.0,975.1119982843001,Idoso
14.0,1.0,4.19,34.2,81.6,30.6,37.5,14.2,6.97,271.0,12.8,2.7100000000000003e-07,37.5,347.374997561,Jovem
46.0,0.0,3.68,31.5,88.4,35.6,34.1,11.3,5.9,183.0,12.9,1.83e-07,46.0,553.64199769237,Adulto
72.0,0.0,3.51,27.4,78.2,29.9,38.2,15.1,12.7,291.0,10.5,2.91e-07,72.0,1296.96799469798,Idoso
66.0,0.0,4.12,27.4,81.5,31.7,38.8,13.6,11.6,172.0,13.0,1.72e-07,66.0,1095.7279970622399,Idoso
62.0,0.0,4.14,36.7,88.5,33.4,37.6,16.8,5.7,262.0,13.6,2.62e-07,62.0,969.71199576608,Idoso
48.0,0.0,5.8,49.5,88.4,27,30.5,15.1,11.31,282.0,15.1,2.82e-07,48.0,584.4499964327001,Adulto
30.0,0.0,4.8,43.4,90.4,28.8,31.8,12.7,6.1,200.0,13.8,2.0000000000000002e-07,31.8,292.571998128,Adulto
45.0,1.0,4.1,36,87.8,27.1,30.8,14.6,14.85,267.0,11.1,2.67e-07,45.0,508.14799674794,Adulto
58.0,0.0,4.03,31.3,77.7,24.3,31.3,10.6,9.7,150.0,9.8,1.5000000000000002e-07,58.0,842.0579977904999,Adulto
58.0,0.0,4.01,32.9,82,30.1,36.7,12.7,4.8,130.0,12.0,1.3e-07,58.0,852.8579980149001,Adulto
47.0,1.0,4.11,29.3,71.4,25.5,35.7,18,8.4,253.0,10.3,2.53e-07,47.0,569.24799669329,Adulto
60.0,1.0,4.21,37.4,88.8,28.1,29.4,18.3,7.53,257.0,11.0,2.5700000000000004e-07,60.0,885.33199613472,Adulto
73.0,1.0,4.03,39.7,98.5,28.8,29.2,14.9,10.63,336.0,11.6,3.3600000000000004e-07,73.0,1325.5879940796801,Idoso
44.0,0.0,5.0,44.6,89.2,26.2,29.4,15,8.23,320.0,12.1,3.2e-07,44.0,494.95199624319997,Adulto
14.0,0.0,4.79,40.8,85.2,25.3,29.7,13.2,8.94,265.0,12.1,2.65e-07,29.7,220.6669980549,Jovem
50.0,1.0,4.98,43.3,86.9,25.3,29.1,19.9,12.93,244.0,12.6,2.44e-07,50.0,615.65199682556,Adulto
55.0,1.0,4.02,34.2,85.1,24.4,28.7,15.5,4.29,176.0,9.8,1.7600000000000001e-07,55.0,742.8679975412799,Adulto
83.0,1.0,2.94,28.1,95.6,40.1,42.0,16,9.9,188.0,11.8,1.8800000000000002e-07,83.0,1701.6999960708,Idoso
34.0,1.0,3.71,34.7,93.5,28.6,30.5,14.7,11.06,249.0,10.6,2.49e-07,34.0,315.79999752245004,Adulto
48.0,0.0,5.33,44.7,83.9,30,35.7,13.3,5.1,87.0,16.0,8.700000000000001e-08,48.0,603.37799885421,Adulto
42.0,1.0,3.66,27.4,74.9,20.2,27.0,18.3,10.79,434.0,7.4,4.3400000000000005e-07,42.0,437.29999513920006,Adulto
52.0,1.0,5.0,44.7,89.4,27,30.2,14.4,17.7,313.0,13.5,3.13e-07,52.0,666.30799576824,Adulto
80.0,0.0,3.51,29,82.6,31.7,38.3,13.8,6.5,290.0,11.1,2.9000000000000003e-07,80.0,1600.5779942492998,Idoso
57.0,0.0,2.25,21.1,93.6,36.1,38.6,14.1,9.2,140.0,8.1,1.4e-07,57.0,832.6519978636001,Adulto
62.0,1.0,4.82,37.8,78.4,25.1,32.0,14.7,21.1,159.0,12.1,1.59e-07,62.0,945.7999975037001,Idoso
26.0,1.0,3.77,33.2,88.1,27.3,31.0,14.2,7.77,140.0,10.3,1.4e-07,31.0,253.69999875399998,Adulto
83.0,0.0,3.94,36.3,92.1,28.4,30.9,15.1,11.15,100.0,11.2,1.0000000000000001e-07,83.0,1744.721998031,Idoso
35.0,0.0,4.73,36.4,77.1,31,40.2,13.4,8.04,341.0,14.6,3.41e-07,40.2,448.4119960648601,Adulto
54.0,1.0,2.96,25.3,85.6,31.6,30.9,15.5,8.2,283.0,9.3,2.8300000000000003e-07,54.0,718.3519960408302,Adulto
57.0,0.0,1.92,17.5,91.4,36,39.4,14.3,13.7,273.0,6.9,2.73e-07,57.0,836.0119958121801,Adulto
55.0,1.0,3.16,28.2,89.2,26.9,30.1,14.9,8.68,213.0,8.5,2.1300000000000001e-07,55.0,743.7919969945701,Adulto
19.0,0.0,5.08,45.9,90.4,28.1,31.2,14.7,4.64,207.0,14.3,2.0700000000000001e-07,31.2,245.67199831501998,Adulto
45.0,0.0,5.57,48.9,87.8,26.6,30.3,13.3,7.8,195.0,14.3,1.95e-07,45.0,518.41799765415,Adulto
80.0,1.0,3.43,30.6,89.2,24.2,27.1,17.9,14.58,303.0,8.3,3.03e-07,80.0,1614.77199430057,Idoso
49.0,0.0,3.75,35,93.3,28,30.0,19.5,16.65,201.0,10.5,2.01e-07,49.0,606.2999974272,Adulto
60.0,1.0,4.51,44.2,98,29,29.6,12.4,8.02,267.0,13.1,2.67e-07,60.0,885.2719959789799,Adulto
52.0,1.0,4.16,37.5,90.1,27.2,30.1,13.5,14.82,167.0,11.3,1.67e-07,52.0,666.15199774383,Adulto
46.0,1.0,4.85,38.8,80,23.3,29.1,17,5.82,510.0,11.3,5.1e-07,46.0,524.5319937729,Adulto
22.0,1.0,4.41,34.5,78.2,22.4,28.7,16,6.78,294.0,9.9,2.94e-07,28.7,209.88699763624,Adulto
32.0,0.0,1.36,16.6,122.1,38.2,31.3,29.2,7.57,139.0,5.2,1.3900000000000001e-07,32.0,302.81799867533005,Adulto
56.0,1.0,3.85,36.8,95.6,28.8,30.2,16,3.03,60.0,11.1,6.000000000000001e-08,56.0,770.9479991408,Adulto
31.0,1.0,4.12,33.3,80.8,27.2,33.6,16.2,8.1,204.0,11.2,2.04e-07,33.6,312.94799797632004,Adulto
34.0,1.0,3.82,31,87.17,28.27,32.43,13.3,7.9,158.0,10.8,1.58e-07,34.0,326.773978397406,Adulto
21.0,1.0,3.24,25.1,77.5,25.9,33.4,16.1,10.0,208.0,8.4,2.08e-07,33.4,274.00799815296,Adulto
28.0,1.0,3.59,32.4,90.1,30.5,33.9,14.3,7.6,156.0,11.0,1.5600000000000002e-07,33.9,302.34299848992,Adulto
32.0,1.0,5.08,43.6,86,29.2,33.9,14.5,10.5,356.0,14.8,3.56e-07,33.9,322.82299641152,Adulto
29.0,1.0,3.96,33.6,84.8,28.5,33.6,14.8,9.1,184.0,11.3,1.84e-07,33.6,302.58799821152,Adulto
14.0,1.0,5.17,24.9,80.85,23.21,28.71,12.3,6.6,660.0,12.0,6.6e-07,28.71,199.1492252202801,Jovem
39.0,0.0,5.03,42.8,85,27.4,32.3,16.7,5.3,226.0,13.8,2.26e-07,39.0,413.01799750721995,Adulto
55.0,1.0,4.22,34.3,81.2,26.5,32.6,16.66,5.9,35.0,11.2,3.5e-08,55.0,747.3919994974,Adulto
47.0,0.0,4.61,40.9,88.8,29.2,32.9,14,6.3,211.0,13.4,2.1100000000000002e-07,47.0,569.92199732241,Adulto
27.0,1.0,4.06,34.6,85.2,28.8,33.8,15,10.9,191.0,11.7,1.91e-07,33.8,296.75199817403995,Adulto
25.0,0.0,5.27,46.7,88.7,29.6,33.3,14.2,8.3,234.0,15.6,2.34e-07,33.3,291.16699785655993,Adulto
26.0,1.0,4.36,38.1,87.4,29.6,33.8,13.8,6.2,278.0,12.9,2.7800000000000003e-07,33.8,293.01199737011996,Adulto
38.0,0.0,5.94,47.7,80.4,27.3,34.0,14,5.3,160.0,16.2,1.6e-07,38.0,405.9999982400001,Adulto
60.0,1.0,4.08,38.8,95,30.8,32.4,15.2,7.1,183.0,12.6,1.83e-07,60.0,886.11199719278,Adulto
74.0,1.0,4.47,40.4,90.4,29.4,32.6,16.1,9.2,90.0,13.2,9.000000000000001e-08,74.0,1355.0119983656,Idoso
70.0,1.0,5.11,41.6,81.4,26.8,33.0,14.1,4.5,192.0,13.7,1.9200000000000003e-07,70.0,1208.6999966592,Idoso
24.0,1.0,4.24,40.4,95.3,30.9,32.4,13.1,6.7,217.0,13.1,2.1700000000000002e-07,32.4,265.92799805134,Adulto
28.0,1.0,4.33,41.1,94.8,32.1,33.8,13.8,3.5,151.0,13.9,1.5100000000000002e-07,33.8,300.89199854134,Adulto
23.0,1.0,4.62,43.2,93.4,31.9,34.1,13.4,2.6,150.0,14.7,1.5000000000000002e-07,34.1,288.862998617,Adulto
74.0,1.0,4.47,40.4,90,32.6,32.6,16.1,9.2,90.0,13.2,9.000000000000001e-08,74.0,1355.0119983656,Idoso
41.0,1.0,4.9,39.4,80.5,32.2,32.2,13.6,4.7,210.0,12.7,2.1e-07,41.0,436.4079975808,Adulto
27.0,0.0,4.63,41.1,88.9,32.5,32.5,13.8,10.0,271.0,13.3,2.7100000000000003e-07,32.5,287.1749975068,Adulto
24.0,1.0,3.5,34.1,97.5,32.6,32.6,14.4,8.1,283.0,11.1,2.8300000000000003e-07,32.6,268.82799744734,Adulto
68.0,0.0,3.79,36.2,95.6,31.9,33.4,14.4,5.8,390.0,12.1,3.9e-07,68.0,1156.0719933934001,Idoso
57.0,0.0,4.62,34.3,93.7,31.8,33.9,13,11.1,170.0,14.7,1.7000000000000001e-07,57.0,818.0819974857,Adulto
26.0,0.0,4.1,40.1,85.9,31.5,31.5,13.1,9.8,265.0,13.1,2.65e-07,31.5,269.0749976415,Adulto
27.0,1.0,3.17,28.1,88.6,30.6,34.5,12.7,7.6,178.0,9.7,1.78e-07,34.5,307.1749982734,Adulto
65.0,1.0,3.47,36.9,87,32.6,32.1,13.2,4.2,180.0,12.1,1.8000000000000002e-07,65.0,1040.2719970642001,Idoso
45.0,1.0,4.52,43.1,92.4,30.9,33.9,13.1,2.4,149.0,14.7,1.49e-07,45.0,520.05199813899,Adulto
27.0,0.0,4.53,40.9,88.7,31.5,32.3,13.7,10.2,269.0,13.2,2.6900000000000004e-07,32.3,284.36699753595997,Adulto
34.0,1.0,3.45,37.4,86,31.2,30.2,12.9,11.5,264.0,12.5,2.6400000000000003e-07,34.0,314.22799738112,Adulto
31.0,0.0,3.54,40.3,86.9,31.1,32.5,11.4,4.5,179.0,11.9,1.79e-07,32.5,307.5749982816,Adulto
46.0,0.0,4.76,42.9,90.1,30.2,33.5,13.1,7.2,244.0,14.4,2.44e-07,46.0,551.0499969378001,Adulto
25.0,1.0,4.0,37.5,93.7,32.3,34.5,17.4,6.7,312.0,12.9,3.1200000000000004e-07,34.5,300.374997036,Adulto
24.0,0.0,4.66,35.7,76.6,26.2,34.1,13.7,8.7,266.0,12.2,2.66e-07,34.1,300.36299754748,Adulto
28.0,0.0,3.42,30.7,89.7,28.7,32.0,19,7.7,457.0,9.8,4.5700000000000003e-07,32.0,284.7999957956,Adulto
22.0,0.0,4.65,29.1,62.6,20.4,32.6,17,6.7,200.0,9.5,2.0000000000000002e-07,32.6,272.18799825600007,Adulto
17.0,0.0,4.86,39.2,80.7,27.7,34.4,13.4,4.4,180.0,13.5,1.8000000000000002e-07,34.4,295.84799845559996,Jovem
51.0,0.0,4.85,35.2,91.7,31,33.8,13.3,5.6,215.0,15.0,2.15e-07,51.0,664.0279970803,Adulto
21.0,1.0,4.47,39.7,88.7,29.3,33.0,13.5,9.2,329.0,13.1,3.29e-07,33.0,267.79999710480007,Adulto
35.0,1.0,4.75,36.2,86.7,27.9,32.1,13.5,6.48,174.0,13.2,1.7400000000000002e-07,35.0,338.87199820605997,Adulto
26.0,0.0,4.95,44.4,89.7,30.6,34.2,12.3,8.8,279.0,15.2,2.79e-07,34.2,308.25199736624006,Adulto
